0.315199 0.214543 0.000000
0.286999 0.198261 0.000000
0.286999 0.165699 0.000000
0.315199 0.149417 0.000000
0.343399 0.165699 0.000000
0.343399 0.198261 0.000000
0.343399 0.230824 0.000000
0.286999 0.230824 0.000000
0.258799 0.181980 0.000000
0.286999 0.133136 0.000000
0.343399 0.133136 0.000000
0.371599 0.181980 0.000000
0.315199 0.247105 0.000000
0.258799 0.214543 0.000000
0.258799 0.149417 0.000000
0.315199 0.116855 0.000000
0.371599 0.149417 0.000000
0.371599 0.214543 0.000000
0.343399 0.263386 0.000000
0.286999 0.263386 0.000000
0.258799 0.247105 0.000000
0.230599 0.198261 0.000000
0.230599 0.165699 0.000000
0.258799 0.116855 0.000000
0.286999 0.100574 0.000000
0.343399 0.100574 0.000000
0.371599 0.116855 0.000000
0.399799 0.165699 0.000000
0.399799 0.198261 0.000000
0.371599 0.247105 0.000000
0.371599 0.279668 0.000000
0.315199 0.279668 0.000000
0.258799 0.279668 0.000000
0.230599 0.230824 0.000000
0.202399 0.181980 0.000000
0.230599 0.133136 0.000000
0.258799 0.084292 0.000000
0.315199 0.084292 0.000000
0.371599 0.084292 0.000000
0.399799 0.133136 0.000000
0.427999 0.181980 0.000000
0.399799 0.230824 0.000000
0.343399 0.295949 0.000000
0.286999 0.295949 0.000000
0.230599 0.263386 0.000000
0.202399 0.214543 0.000000
0.202399 0.149417 0.000000
0.230599 0.100574 0.000000
0.286999 0.068011 0.000000
0.343399 0.068011 0.000000
0.399799 0.100574 0.000000
0.427999 0.149417 0.000000
0.427999 0.214543 0.000000
0.399799 0.263386 0.000000
0.371599 0.312230 0.000000
0.315199 0.312230 0.000000
0.258799 0.312230 0.000000
0.230599 0.295949 0.000000
0.202399 0.247105 0.000000
0.174199 0.198261 0.000000
0.174199 0.165699 0.000000
0.202399 0.116855 0.000000
0.230599 0.068011 0.000000
0.258799 0.051730 0.000000
0.315199 0.051730 0.000000
0.371599 0.051730 0.000000
0.399799 0.068011 0.000000
0.427999 0.116855 0.000000
0.456199 0.165699 0.000000
0.456199 0.198261 0.000000
0.427999 0.247105 0.000000
0.399799 0.295949 0.000000
0.399799 0.328511 0.000000
0.343399 0.328511 0.000000
0.286999 0.328511 0.000000
0.230599 0.328511 0.000000
0.202399 0.279668 0.000000
0.174199 0.230824 0.000000
0.145999 0.181980 0.000000
0.174199 0.133136 0.000000
0.202399 0.084292 0.000000
0.230599 0.035449 0.000000
0.286999 0.035449 0.000000
0.343399 0.035449 0.000000
0.399799 0.035449 0.000000
0.427999 0.084292 0.000000
0.456199 0.133136 0.000000
0.484399 0.181980 0.000000
0.456199 0.230824 0.000000
0.427999 0.279668 0.000000
0.371599 0.344793 0.000000
0.315199 0.344793 0.000000
0.258799 0.344793 0.000000
0.202399 0.312230 0.000000
0.174199 0.263386 0.000000
0.145999 0.214543 0.000000
0.145999 0.149417 0.000000
0.174199 0.100574 0.000000
0.202399 0.051730 0.000000
0.258799 0.019167 0.000000
0.315199 0.019167 0.000000
0.371599 0.019167 0.000000
0.427999 0.051730 0.000000
0.456199 0.100574 0.000000
0.484399 0.149417 0.000000
0.484399 0.214543 0.000000
0.456199 0.263386 0.000000
0.427999 0.312230 0.000000
-0.000000 0.396523 0.000000
-0.028200 0.380241 0.000000
-0.028200 0.347679 0.000000
-0.000000 0.331397 0.000000
0.028200 0.347679 0.000000
0.028200 0.380241 0.000000
0.028200 0.412804 0.000000
-0.028200 0.412804 0.000000
-0.056400 0.363960 0.000000
-0.028200 0.315116 0.000000
0.028200 0.315116 0.000000
0.056400 0.363960 0.000000
-0.000000 0.429085 0.000000
-0.056400 0.396523 0.000000
-0.056400 0.331397 0.000000
-0.000000 0.298835 0.000000
0.056400 0.331397 0.000000
0.056400 0.396523 0.000000
0.028200 0.445366 0.000000
-0.028200 0.445366 0.000000
-0.056400 0.429085 0.000000
-0.084600 0.380241 0.000000
-0.084600 0.347679 0.000000
-0.056400 0.298835 0.000000
-0.028200 0.282554 0.000000
0.028200 0.282554 0.000000
0.056400 0.298835 0.000000
0.084600 0.347679 0.000000
0.084600 0.380241 0.000000
0.056400 0.429085 0.000000
0.056400 0.461648 0.000000
-0.000000 0.461648 0.000000
-0.056400 0.461648 0.000000
-0.084600 0.412804 0.000000
-0.112800 0.363960 0.000000
-0.084600 0.315116 0.000000
-0.056400 0.266272 0.000000
-0.000000 0.266272 0.000000
0.056400 0.266272 0.000000
0.084600 0.315116 0.000000
0.112800 0.363960 0.000000
0.084600 0.412804 0.000000
0.028200 0.477929 0.000000
-0.028200 0.477929 0.000000
-0.084600 0.445366 0.000000
-0.112800 0.396523 0.000000
-0.112800 0.331397 0.000000
-0.084600 0.282554 0.000000
-0.028200 0.249991 0.000000
0.028200 0.249991 0.000000
0.084600 0.282554 0.000000
0.112800 0.331397 0.000000
0.112800 0.396523 0.000000
0.084600 0.445366 0.000000
0.056400 0.494210 0.000000
-0.000000 0.494210 0.000000
-0.056400 0.494210 0.000000
-0.084600 0.477929 0.000000
-0.112800 0.429085 0.000000
-0.141000 0.380241 0.000000
-0.141000 0.347679 0.000000
-0.112800 0.298835 0.000000
-0.084600 0.249991 0.000000
-0.056400 0.233710 0.000000
-0.000000 0.233710 0.000000
0.056400 0.233710 0.000000
0.084600 0.249991 0.000000
0.112800 0.298835 0.000000
0.141000 0.347679 0.000000
0.141000 0.380241 0.000000
0.112800 0.429085 0.000000
0.084600 0.477929 0.000000
0.084600 0.510491 0.000000
0.028200 0.510491 0.000000
-0.028200 0.510491 0.000000
-0.084600 0.510491 0.000000
-0.112800 0.461648 0.000000
-0.141000 0.412804 0.000000
-0.169200 0.363960 0.000000
-0.141000 0.315116 0.000000
-0.112800 0.266272 0.000000
-0.084600 0.217429 0.000000
-0.028200 0.217429 0.000000
0.028200 0.217429 0.000000
0.084600 0.217429 0.000000
0.112800 0.266272 0.000000
0.141000 0.315116 0.000000
0.169200 0.363960 0.000000
0.141000 0.412804 0.000000
0.112800 0.461648 0.000000
0.056400 0.526773 0.000000
-0.000000 0.526773 0.000000
-0.056400 0.526773 0.000000
-0.112800 0.494210 0.000000
-0.141000 0.445366 0.000000
-0.169200 0.396523 0.000000
-0.169200 0.331397 0.000000
-0.141000 0.282554 0.000000
-0.112800 0.233710 0.000000
-0.056400 0.201147 0.000000
-0.000000 0.201147 0.000000
0.056400 0.201147 0.000000
0.112800 0.233710 0.000000
0.141000 0.282554 0.000000
0.169200 0.331397 0.000000
0.169200 0.396523 0.000000
0.141000 0.445366 0.000000
0.112800 0.494210 0.000000
-0.315199 0.214543 0.000000
-0.343399 0.198261 0.000000
-0.343399 0.165699 0.000000
-0.315199 0.149417 0.000000
-0.286999 0.165699 0.000000
-0.286999 0.198261 0.000000
-0.286999 0.230824 0.000000
-0.343399 0.230824 0.000000
-0.371599 0.181980 0.000000
-0.343399 0.133136 0.000000
-0.286999 0.133136 0.000000
-0.258799 0.181980 0.000000
-0.315199 0.247105 0.000000
-0.371599 0.214543 0.000000
-0.371599 0.149417 0.000000
-0.315199 0.116855 0.000000
-0.258799 0.149417 0.000000
-0.258799 0.214543 0.000000
-0.286999 0.263386 0.000000
-0.343399 0.263386 0.000000
-0.371599 0.247105 0.000000
-0.399799 0.198261 0.000000
-0.399799 0.165699 0.000000
-0.371599 0.116855 0.000000
-0.343399 0.100574 0.000000
-0.286999 0.100574 0.000000
-0.258799 0.116855 0.000000
-0.230599 0.165699 0.000000
-0.230599 0.198261 0.000000
-0.258799 0.247105 0.000000
-0.258799 0.279668 0.000000
-0.315199 0.279668 0.000000
-0.371599 0.279668 0.000000
-0.399799 0.230824 0.000000
-0.427999 0.181980 0.000000
-0.399799 0.133136 0.000000
-0.371599 0.084292 0.000000
-0.315199 0.084292 0.000000
-0.258799 0.084292 0.000000
-0.230599 0.133136 0.000000
-0.202399 0.181980 0.000000
-0.230599 0.230824 0.000000
-0.286999 0.295949 0.000000
-0.343399 0.295949 0.000000
-0.399799 0.263386 0.000000
-0.427999 0.214543 0.000000
-0.427999 0.149417 0.000000
-0.399799 0.100574 0.000000
-0.343399 0.068011 0.000000
-0.286999 0.068011 0.000000
-0.230599 0.100574 0.000000
-0.202399 0.149417 0.000000
-0.202399 0.214543 0.000000
-0.230599 0.263386 0.000000
-0.258799 0.312230 0.000000
-0.315199 0.312230 0.000000
-0.371599 0.312230 0.000000
-0.399799 0.295949 0.000000
-0.427999 0.247105 0.000000
-0.456199 0.198261 0.000000
-0.456199 0.165699 0.000000
-0.427999 0.116855 0.000000
-0.399799 0.068011 0.000000
-0.371599 0.051730 0.000000
-0.315199 0.051730 0.000000
-0.258799 0.051730 0.000000
-0.230599 0.068011 0.000000
-0.202399 0.116855 0.000000
-0.174199 0.165699 0.000000
-0.174199 0.198261 0.000000
-0.202399 0.247105 0.000000
-0.230599 0.295949 0.000000
-0.230599 0.328511 0.000000
-0.286999 0.328511 0.000000
-0.343399 0.328511 0.000000
-0.399799 0.328511 0.000000
-0.427999 0.279668 0.000000
-0.456199 0.230824 0.000000
-0.484399 0.181980 0.000000
-0.456199 0.133136 0.000000
-0.427999 0.084292 0.000000
-0.399799 0.035449 0.000000
-0.343399 0.035449 0.000000
-0.286999 0.035449 0.000000
-0.230599 0.035449 0.000000
-0.202399 0.084292 0.000000
-0.174199 0.133136 0.000000
-0.145999 0.181980 0.000000
-0.174199 0.230824 0.000000
-0.202399 0.279668 0.000000
-0.258799 0.344793 0.000000
-0.315199 0.344793 0.000000
-0.371599 0.344793 0.000000
-0.427999 0.312230 0.000000
-0.456199 0.263386 0.000000
-0.484399 0.214543 0.000000
-0.484399 0.149417 0.000000
-0.456199 0.100574 0.000000
-0.427999 0.051730 0.000000
-0.371599 0.019167 0.000000
-0.315199 0.019167 0.000000
-0.258799 0.019167 0.000000
-0.202399 0.051730 0.000000
-0.174199 0.100574 0.000000
-0.145999 0.149417 0.000000
-0.145999 0.214543 0.000000
-0.174199 0.263386 0.000000
-0.202399 0.312230 0.000000
-0.315199 -0.149417 0.000000
-0.343399 -0.165699 0.000000
-0.343399 -0.198261 0.000000
-0.315199 -0.214543 0.000000
-0.286999 -0.198261 0.000000
-0.286999 -0.165699 0.000000
-0.286999 -0.133136 0.000000
-0.343399 -0.133136 0.000000
-0.371599 -0.181980 0.000000
-0.343399 -0.230824 0.000000
-0.286999 -0.230824 0.000000
-0.258799 -0.181980 0.000000
-0.315199 -0.116855 0.000000
-0.371599 -0.149417 0.000000
-0.371599 -0.214543 0.000000
-0.315199 -0.247105 0.000000
-0.258799 -0.214543 0.000000
-0.258799 -0.149417 0.000000
-0.286999 -0.100574 0.000000
-0.343399 -0.100574 0.000000
-0.371599 -0.116855 0.000000
-0.399799 -0.165699 0.000000
-0.399799 -0.198261 0.000000
-0.371599 -0.247105 0.000000
-0.343399 -0.263386 0.000000
-0.286999 -0.263386 0.000000
-0.258799 -0.247105 0.000000
-0.230599 -0.198261 0.000000
-0.230599 -0.165699 0.000000
-0.258799 -0.116855 0.000000
-0.258799 -0.084292 0.000000
-0.315199 -0.084292 0.000000
-0.371599 -0.084292 0.000000
-0.399799 -0.133136 0.000000
-0.427999 -0.181980 0.000000
-0.399799 -0.230824 0.000000
-0.371599 -0.279668 0.000000
-0.315199 -0.279668 0.000000
-0.258799 -0.279668 0.000000
-0.230599 -0.230824 0.000000
-0.202399 -0.181980 0.000000
-0.230599 -0.133136 0.000000
-0.286999 -0.068011 0.000000
-0.343399 -0.068011 0.000000
-0.399799 -0.100574 0.000000
-0.427999 -0.149417 0.000000
-0.427999 -0.214543 0.000000
-0.399799 -0.263386 0.000000
-0.343399 -0.295949 0.000000
-0.286999 -0.295949 0.000000
-0.230599 -0.263386 0.000000
-0.202399 -0.214543 0.000000
-0.202399 -0.149417 0.000000
-0.230599 -0.100574 0.000000
-0.258799 -0.051730 0.000000
-0.315199 -0.051730 0.000000
-0.371599 -0.051730 0.000000
-0.399799 -0.068011 0.000000
-0.427999 -0.116855 0.000000
-0.456199 -0.165699 0.000000
-0.456199 -0.198261 0.000000
-0.427999 -0.247105 0.000000
-0.399799 -0.295949 0.000000
-0.371599 -0.312230 0.000000
-0.315199 -0.312230 0.000000
-0.258799 -0.312230 0.000000
-0.230599 -0.295949 0.000000
-0.202399 -0.247105 0.000000
-0.174199 -0.198261 0.000000
-0.174199 -0.165699 0.000000
-0.202399 -0.116855 0.000000
-0.230599 -0.068011 0.000000
-0.230599 -0.035449 0.000000
-0.286999 -0.035449 0.000000
-0.343399 -0.035449 0.000000
-0.399799 -0.035449 0.000000
-0.427999 -0.084292 0.000000
-0.456199 -0.133136 0.000000
-0.484399 -0.181980 0.000000
-0.456199 -0.230824 0.000000
-0.427999 -0.279668 0.000000
-0.399799 -0.328511 0.000000
-0.343399 -0.328511 0.000000
-0.286999 -0.328511 0.000000
-0.230599 -0.328511 0.000000
-0.202399 -0.279668 0.000000
-0.174199 -0.230824 0.000000
-0.145999 -0.181980 0.000000
-0.174199 -0.133136 0.000000
-0.202399 -0.084292 0.000000
-0.258799 -0.019167 0.000000
-0.315199 -0.019167 0.000000
-0.371599 -0.019167 0.000000
-0.427999 -0.051730 0.000000
-0.456199 -0.100574 0.000000
-0.484399 -0.149417 0.000000
-0.484399 -0.214543 0.000000
-0.456199 -0.263386 0.000000
-0.427999 -0.312230 0.000000
-0.371599 -0.344793 0.000000
-0.315199 -0.344793 0.000000
-0.258799 -0.344793 0.000000
-0.202399 -0.312230 0.000000
-0.174199 -0.263386 0.000000
-0.145999 -0.214543 0.000000
-0.145999 -0.149417 0.000000
-0.174199 -0.100574 0.000000
-0.202399 -0.051730 0.000000
0.000000 -0.331397 0.000000
-0.028200 -0.347679 0.000000
-0.028200 -0.380241 0.000000
0.000000 -0.396523 0.000000
0.028200 -0.380241 0.000000
0.028200 -0.347679 0.000000
0.028200 -0.315116 0.000000
-0.028200 -0.315116 0.000000
-0.056400 -0.363960 0.000000
-0.028200 -0.412804 0.000000
0.028200 -0.412804 0.000000
0.056400 -0.363960 0.000000
0.000000 -0.298835 0.000000
-0.056400 -0.331397 0.000000
-0.056400 -0.396523 0.000000
0.000000 -0.429085 0.000000
0.056400 -0.396523 0.000000
0.056400 -0.331397 0.000000
0.028200 -0.282554 0.000000
-0.028200 -0.282554 0.000000
-0.056400 -0.298835 0.000000
-0.084600 -0.347679 0.000000
-0.084600 -0.380241 0.000000
-0.056400 -0.429085 0.000000
-0.028200 -0.445366 0.000000
0.028200 -0.445366 0.000000
0.056400 -0.429085 0.000000
0.084600 -0.380241 0.000000
0.084600 -0.347679 0.000000
0.056400 -0.298835 0.000000
0.056400 -0.266272 0.000000
0.000000 -0.266272 0.000000
-0.056400 -0.266272 0.000000
-0.084600 -0.315116 0.000000
-0.112800 -0.363960 0.000000
-0.084600 -0.412804 0.000000
-0.056400 -0.461648 0.000000
0.000000 -0.461648 0.000000
0.056400 -0.461648 0.000000
0.084600 -0.412804 0.000000
0.112800 -0.363960 0.000000
0.084600 -0.315116 0.000000
0.028200 -0.249991 0.000000
-0.028200 -0.249991 0.000000
-0.084600 -0.282554 0.000000
-0.112800 -0.331397 0.000000
-0.112800 -0.396523 0.000000
-0.084600 -0.445366 0.000000
-0.028200 -0.477929 0.000000
0.028200 -0.477929 0.000000
0.084600 -0.445366 0.000000
0.112800 -0.396523 0.000000
0.112800 -0.331397 0.000000
0.084600 -0.282554 0.000000
0.056400 -0.233710 0.000000
0.000000 -0.233710 0.000000
-0.056400 -0.233710 0.000000
-0.084600 -0.249991 0.000000
-0.112800 -0.298835 0.000000
-0.141000 -0.347679 0.000000
-0.141000 -0.380241 0.000000
-0.112800 -0.429085 0.000000
-0.084600 -0.477929 0.000000
-0.056400 -0.494210 0.000000
0.000000 -0.494210 0.000000
0.056400 -0.494210 0.000000
0.084600 -0.477929 0.000000
0.112800 -0.429085 0.000000
0.141000 -0.380241 0.000000
0.141000 -0.347679 0.000000
0.112800 -0.298835 0.000000
0.084600 -0.249991 0.000000
0.084600 -0.217429 0.000000
0.028200 -0.217429 0.000000
-0.028200 -0.217429 0.000000
-0.084600 -0.217429 0.000000
-0.112800 -0.266272 0.000000
-0.141000 -0.315116 0.000000
-0.169200 -0.363960 0.000000
-0.141000 -0.412804 0.000000
-0.112800 -0.461648 0.000000
-0.084600 -0.510491 0.000000
-0.028200 -0.510491 0.000000
0.028200 -0.510491 0.000000
0.084600 -0.510491 0.000000
0.112800 -0.461648 0.000000
0.141000 -0.412804 0.000000
0.169200 -0.363960 0.000000
0.141000 -0.315116 0.000000
0.112800 -0.266272 0.000000
0.056400 -0.201147 0.000000
0.000000 -0.201147 0.000000
-0.056400 -0.201147 0.000000
-0.112800 -0.233710 0.000000
-0.141000 -0.282554 0.000000
-0.169200 -0.331397 0.000000
-0.169200 -0.396523 0.000000
-0.141000 -0.445366 0.000000
-0.112800 -0.494210 0.000000
-0.056400 -0.526773 0.000000
0.000000 -0.526773 0.000000
0.056400 -0.526773 0.000000
0.112800 -0.494210 0.000000
0.141000 -0.445366 0.000000
0.169200 -0.396523 0.000000
0.169200 -0.331397 0.000000
0.141000 -0.282554 0.000000
0.112800 -0.233710 0.000000
0.315199 -0.149417 0.000000
0.286999 -0.165699 0.000000
0.286999 -0.198261 0.000000
0.315199 -0.214543 0.000000
0.343399 -0.198261 0.000000
0.343399 -0.165699 0.000000
0.343399 -0.133136 0.000000
0.286999 -0.133136 0.000000
0.258799 -0.181980 0.000000
0.286999 -0.230824 0.000000
0.343399 -0.230824 0.000000
0.371599 -0.181980 0.000000
0.315199 -0.116855 0.000000
0.258799 -0.149417 0.000000
0.258799 -0.214543 0.000000
0.315199 -0.247105 0.000000
0.371599 -0.214543 0.000000
0.371599 -0.149417 0.000000
0.343399 -0.100574 0.000000
0.286999 -0.100574 0.000000
0.258799 -0.116855 0.000000
0.230599 -0.165699 0.000000
0.230599 -0.198261 0.000000
0.258799 -0.247105 0.000000
0.286999 -0.263386 0.000000
0.343399 -0.263386 0.000000
0.371599 -0.247105 0.000000
0.399799 -0.198261 0.000000
0.399799 -0.165699 0.000000
0.371599 -0.116855 0.000000
0.371599 -0.084292 0.000000
0.315199 -0.084292 0.000000
0.258799 -0.084292 0.000000
0.230599 -0.133136 0.000000
0.202399 -0.181980 0.000000
0.230599 -0.230824 0.000000
0.258799 -0.279668 0.000000
0.315199 -0.279668 0.000000
0.371599 -0.279668 0.000000
0.399799 -0.230824 0.000000
0.427999 -0.181980 0.000000
0.399799 -0.133136 0.000000
0.343399 -0.068011 0.000000
0.286999 -0.068011 0.000000
0.230599 -0.100574 0.000000
0.202399 -0.149417 0.000000
0.202399 -0.214543 0.000000
0.230599 -0.263386 0.000000
0.286999 -0.295949 0.000000
0.343399 -0.295949 0.000000
0.399799 -0.263386 0.000000
0.427999 -0.214543 0.000000
0.427999 -0.149417 0.000000
0.399799 -0.100574 0.000000
0.371599 -0.051730 0.000000
0.315199 -0.051730 0.000000
0.258799 -0.051730 0.000000
0.230599 -0.068011 0.000000
0.202399 -0.116855 0.000000
0.174199 -0.165699 0.000000
0.174199 -0.198261 0.000000
0.202399 -0.247105 0.000000
0.230599 -0.295949 0.000000
0.258799 -0.312230 0.000000
0.315199 -0.312230 0.000000
0.371599 -0.312230 0.000000
0.399799 -0.295949 0.000000
0.427999 -0.247105 0.000000
0.456199 -0.198261 0.000000
0.456199 -0.165699 0.000000
0.427999 -0.116855 0.000000
0.399799 -0.068011 0.000000
0.399799 -0.035449 0.000000
0.343399 -0.035449 0.000000
0.286999 -0.035449 0.000000
0.230599 -0.035449 0.000000
0.202399 -0.084292 0.000000
0.174199 -0.133136 0.000000
0.145999 -0.181980 0.000000
0.174199 -0.230824 0.000000
0.202399 -0.279668 0.000000
0.230599 -0.328511 0.000000
0.286999 -0.328511 0.000000
0.343399 -0.328511 0.000000
0.399799 -0.328511 0.000000
0.427999 -0.279668 0.000000
0.456199 -0.230824 0.000000
0.484399 -0.181980 0.000000
0.456199 -0.133136 0.000000
0.427999 -0.084292 0.000000
0.371599 -0.019167 0.000000
0.315199 -0.019167 0.000000
0.258799 -0.019167 0.000000
0.202399 -0.051730 0.000000
0.174199 -0.100574 0.000000
0.145999 -0.149417 0.000000
0.145999 -0.214543 0.000000
0.174199 -0.263386 0.000000
0.202399 -0.312230 0.000000
0.258799 -0.344793 0.000000
0.315199 -0.344793 0.000000
0.371599 -0.344793 0.000000
0.427999 -0.312230 0.000000
0.456199 -0.263386 0.000000
0.484399 -0.214543 0.000000
0.484399 -0.149417 0.000000
0.456199 -0.100574 0.000000
0.427999 -0.051730 0.000000
0.315199 0.578503 0.000000
0.286999 0.562221 0.000000
0.286999 0.529659 0.000000
0.315199 0.513377 0.000000
0.343399 0.529659 0.000000
0.343399 0.562221 0.000000
0.343399 0.594784 0.000000
0.286999 0.594784 0.000000
0.258799 0.545940 0.000000
0.286999 0.497096 0.000000
0.343399 0.497096 0.000000
0.371599 0.545940 0.000000
0.315199 0.611065 0.000000
0.258799 0.578503 0.000000
0.258799 0.513377 0.000000
0.315199 0.480815 0.000000
0.371599 0.513377 0.000000
0.371599 0.578503 0.000000
0.343399 0.627346 0.000000
0.286999 0.627346 0.000000
0.258799 0.611065 0.000000
0.230599 0.562221 0.000000
0.230599 0.529659 0.000000
0.258799 0.480815 0.000000
0.286999 0.464534 0.000000
0.343399 0.464534 0.000000
0.371599 0.480815 0.000000
0.399799 0.529659 0.000000
0.399799 0.562221 0.000000
0.371599 0.611065 0.000000
0.371599 0.643628 0.000000
0.315199 0.643628 0.000000
0.258799 0.643628 0.000000
0.230599 0.594784 0.000000
0.202399 0.545940 0.000000
0.230599 0.497096 0.000000
0.258799 0.448252 0.000000
0.315199 0.448252 0.000000
0.371599 0.448252 0.000000
0.399799 0.497096 0.000000
0.427999 0.545940 0.000000
0.399799 0.594784 0.000000
0.343399 0.659909 0.000000
0.286999 0.659909 0.000000
0.230599 0.627346 0.000000
0.202399 0.578503 0.000000
0.202399 0.513377 0.000000
0.230599 0.464534 0.000000
0.286999 0.431971 0.000000
0.343399 0.431971 0.000000
0.399799 0.464534 0.000000
0.427999 0.513377 0.000000
0.427999 0.578503 0.000000
0.399799 0.627346 0.000000
0.371599 0.676190 0.000000
0.315199 0.676190 0.000000
0.258799 0.676190 0.000000
0.230599 0.659909 0.000000
0.202399 0.611065 0.000000
0.174199 0.562221 0.000000
0.174199 0.529659 0.000000
0.202399 0.480815 0.000000
0.230599 0.431971 0.000000
0.258799 0.415690 0.000000
0.315199 0.415690 0.000000
0.371599 0.415690 0.000000
0.399799 0.431971 0.000000
0.427999 0.480815 0.000000
0.456199 0.529659 0.000000
0.456199 0.562221 0.000000
0.427999 0.611065 0.000000
0.399799 0.659909 0.000000
0.399799 0.692471 0.000000
0.343399 0.692471 0.000000
0.286999 0.692471 0.000000
0.230599 0.692471 0.000000
0.202399 0.643628 0.000000
0.174199 0.594784 0.000000
0.145999 0.545940 0.000000
0.174199 0.497096 0.000000
0.202399 0.448252 0.000000
0.230599 0.399409 0.000000
0.286999 0.399409 0.000000
0.343399 0.399409 0.000000
0.399799 0.399409 0.000000
0.427999 0.448252 0.000000
0.456199 0.497096 0.000000
0.484399 0.545940 0.000000
0.456199 0.594784 0.000000
0.427999 0.643628 0.000000
0.371599 0.708753 0.000000
0.315199 0.708753 0.000000
0.258799 0.708753 0.000000
0.202399 0.676190 0.000000
0.174199 0.627346 0.000000
0.145999 0.578503 0.000000
0.145999 0.513377 0.000000
0.174199 0.464534 0.000000
0.202399 0.415690 0.000000
0.258799 0.383127 0.000000
0.315199 0.383127 0.000000
0.371599 0.383127 0.000000
0.427999 0.415690 0.000000
0.456199 0.464534 0.000000
0.484399 0.513377 0.000000
0.484399 0.578503 0.000000
0.456199 0.627346 0.000000
0.427999 0.676190 0.000000
-0.315199 0.578503 0.000000
-0.343399 0.562221 0.000000
-0.343399 0.529659 0.000000
-0.315199 0.513377 0.000000
-0.286999 0.529659 0.000000
-0.286999 0.562221 0.000000
-0.286999 0.594784 0.000000
-0.343399 0.594784 0.000000
-0.371599 0.545940 0.000000
-0.343399 0.497096 0.000000
-0.286999 0.497096 0.000000
-0.258799 0.545940 0.000000
-0.315199 0.611065 0.000000
-0.371599 0.578503 0.000000
-0.371599 0.513377 0.000000
-0.315199 0.480815 0.000000
-0.258799 0.513377 0.000000
-0.258799 0.578503 0.000000
-0.286999 0.627346 0.000000
-0.343399 0.627346 0.000000
-0.371599 0.611065 0.000000
-0.399799 0.562221 0.000000
-0.399799 0.529659 0.000000
-0.371599 0.480815 0.000000
-0.343399 0.464534 0.000000
-0.286999 0.464534 0.000000
-0.258799 0.480815 0.000000
-0.230599 0.529659 0.000000
-0.230599 0.562221 0.000000
-0.258799 0.611065 0.000000
-0.258799 0.643628 0.000000
-0.315199 0.643628 0.000000
-0.371599 0.643628 0.000000
-0.399799 0.594784 0.000000
-0.427999 0.545940 0.000000
-0.399799 0.497096 0.000000
-0.371599 0.448252 0.000000
-0.315199 0.448252 0.000000
-0.258799 0.448252 0.000000
-0.230599 0.497096 0.000000
-0.202399 0.545940 0.000000
-0.230599 0.594784 0.000000
-0.286999 0.659909 0.000000
-0.343399 0.659909 0.000000
-0.399799 0.627346 0.000000
-0.427999 0.578503 0.000000
-0.427999 0.513377 0.000000
-0.399799 0.464534 0.000000
-0.343399 0.431971 0.000000
-0.286999 0.431971 0.000000
-0.230599 0.464534 0.000000
-0.202399 0.513377 0.000000
-0.202399 0.578503 0.000000
-0.230599 0.627346 0.000000
-0.258799 0.676190 0.000000
-0.315199 0.676190 0.000000
-0.371599 0.676190 0.000000
-0.399799 0.659909 0.000000
-0.427999 0.611065 0.000000
-0.456199 0.562221 0.000000
-0.456199 0.529659 0.000000
-0.427999 0.480815 0.000000
-0.399799 0.431971 0.000000
-0.371599 0.415690 0.000000
-0.315199 0.415690 0.000000
-0.258799 0.415690 0.000000
-0.230599 0.431971 0.000000
-0.202399 0.480815 0.000000
-0.174199 0.529659 0.000000
-0.174199 0.562221 0.000000
-0.202399 0.611065 0.000000
-0.230599 0.659909 0.000000
-0.230599 0.692471 0.000000
-0.286999 0.692471 0.000000
-0.343399 0.692471 0.000000
-0.399799 0.692471 0.000000
-0.427999 0.643628 0.000000
-0.456199 0.594784 0.000000
-0.484399 0.545940 0.000000
-0.456199 0.497096 0.000000
-0.427999 0.448252 0.000000
-0.399799 0.399409 0.000000
-0.343399 0.399409 0.000000
-0.286999 0.399409 0.000000
-0.230599 0.399409 0.000000
-0.202399 0.448252 0.000000
-0.174199 0.497096 0.000000
-0.145999 0.545940 0.000000
-0.174199 0.594784 0.000000
-0.202399 0.643628 0.000000
-0.258799 0.708753 0.000000
-0.315199 0.708753 0.000000
-0.371599 0.708753 0.000000
-0.427999 0.676190 0.000000
-0.456199 0.627346 0.000000
-0.484399 0.578503 0.000000
-0.484399 0.513377 0.000000
-0.456199 0.464534 0.000000
-0.427999 0.415690 0.000000
-0.371599 0.383127 0.000000
-0.315199 0.383127 0.000000
-0.258799 0.383127 0.000000
-0.202399 0.415690 0.000000
-0.174199 0.464534 0.000000
-0.145999 0.513377 0.000000
-0.145999 0.578503 0.000000
-0.174199 0.627346 0.000000
-0.202399 0.676190 0.000000
-0.630397 0.032563 0.000000
-0.658597 0.016281 0.000000
-0.658597 -0.016281 0.000000
-0.630397 -0.032563 0.000000
-0.602197 -0.016281 0.000000
-0.602197 0.016281 0.000000
-0.602197 0.048844 0.000000
-0.658597 0.048844 0.000000
-0.686797 -0.000000 0.000000
-0.658597 -0.048844 0.000000
-0.602197 -0.048844 0.000000
-0.573997 -0.000000 0.000000
-0.630397 0.065125 0.000000
-0.686797 0.032563 0.000000
-0.686797 -0.032563 0.000000
-0.630397 -0.065125 0.000000
-0.573997 -0.032563 0.000000
-0.573997 0.032563 0.000000
-0.602197 0.081406 0.000000
-0.658597 0.081406 0.000000
-0.686797 0.065125 0.000000
-0.714997 0.016281 0.000000
-0.714997 -0.016281 0.000000
-0.686797 -0.065125 0.000000
-0.658597 -0.081406 0.000000
-0.602197 -0.081406 0.000000
-0.573997 -0.065125 0.000000
-0.545797 -0.016281 0.000000
-0.545797 0.016281 0.000000
-0.573997 0.065125 0.000000
-0.573997 0.097688 0.000000
-0.630397 0.097688 0.000000
-0.686797 0.097688 0.000000
-0.714997 0.048844 0.000000
-0.743197 -0.000000 0.000000
-0.714997 -0.048844 0.000000
-0.686797 -0.097688 0.000000
-0.630397 -0.097688 0.000000
-0.573997 -0.097688 0.000000
-0.545797 -0.048844 0.000000
-0.517597 -0.000000 0.000000
-0.545797 0.048844 0.000000
-0.602197 0.113969 0.000000
-0.658597 0.113969 0.000000
-0.714997 0.081406 0.000000
-0.743197 0.032563 0.000000
-0.743197 -0.032563 0.000000
-0.714997 -0.081406 0.000000
-0.658597 -0.113969 0.000000
-0.602197 -0.113969 0.000000
-0.545797 -0.081406 0.000000
-0.517597 -0.032563 0.000000
-0.517597 0.032563 0.000000
-0.545797 0.081406 0.000000
-0.573997 0.130250 0.000000
-0.630397 0.130250 0.000000
-0.686797 0.130250 0.000000
-0.714997 0.113969 0.000000
-0.743197 0.065125 0.000000
-0.771397 0.016281 0.000000
-0.771397 -0.016281 0.000000
-0.743197 -0.065125 0.000000
-0.714997 -0.113969 0.000000
-0.686797 -0.130250 0.000000
-0.630397 -0.130250 0.000000
-0.573997 -0.130250 0.000000
-0.545797 -0.113969 0.000000
-0.517597 -0.065125 0.000000
-0.489397 -0.016281 0.000000
-0.489397 0.016281 0.000000
-0.517597 0.065125 0.000000
-0.545797 0.113969 0.000000
-0.545797 0.146531 0.000000
-0.602197 0.146531 0.000000
-0.658597 0.146531 0.000000
-0.714997 0.146531 0.000000
-0.743197 0.097688 0.000000
-0.771397 0.048844 0.000000
-0.799597 -0.000000 0.000000
-0.771397 -0.048844 0.000000
-0.743197 -0.097688 0.000000
-0.714997 -0.146531 0.000000
-0.658597 -0.146531 0.000000
-0.602197 -0.146531 0.000000
-0.545797 -0.146531 0.000000
-0.517597 -0.097688 0.000000
-0.489397 -0.048844 0.000000
-0.461197 -0.000000 0.000000
-0.489397 0.048844 0.000000
-0.517597 0.097688 0.000000
-0.573997 0.162813 0.000000
-0.630397 0.162813 0.000000
-0.686797 0.162813 0.000000
-0.743197 0.130250 0.000000
-0.771397 0.081406 0.000000
-0.799597 0.032563 0.000000
-0.799597 -0.032563 0.000000
-0.771397 -0.081406 0.000000
-0.743197 -0.130250 0.000000
-0.686797 -0.162813 0.000000
-0.630397 -0.162813 0.000000
-0.573997 -0.162813 0.000000
-0.517597 -0.130250 0.000000
-0.489397 -0.081406 0.000000
-0.461197 -0.032563 0.000000
-0.461197 0.032563 0.000000
-0.489397 0.081406 0.000000
-0.517597 0.130250 0.000000
-0.315199 -0.513377 0.000000
-0.343399 -0.529659 0.000000
-0.343399 -0.562221 0.000000
-0.315199 -0.578503 0.000000
-0.286999 -0.562221 0.000000
-0.286999 -0.529659 0.000000
-0.286999 -0.497096 0.000000
-0.343399 -0.497096 0.000000
-0.371599 -0.545940 0.000000
-0.343399 -0.594784 0.000000
-0.286999 -0.594784 0.000000
-0.258799 -0.545940 0.000000
-0.315199 -0.480815 0.000000
-0.371599 -0.513377 0.000000
-0.371599 -0.578503 0.000000
-0.315199 -0.611065 0.000000
-0.258799 -0.578503 0.000000
-0.258799 -0.513377 0.000000
-0.286999 -0.464534 0.000000
-0.343399 -0.464534 0.000000
-0.371599 -0.480815 0.000000
-0.399799 -0.529659 0.000000
-0.399799 -0.562221 0.000000
-0.371599 -0.611065 0.000000
-0.343399 -0.627346 0.000000
-0.286999 -0.627346 0.000000
-0.258799 -0.611065 0.000000
-0.230599 -0.562221 0.000000
-0.230599 -0.529659 0.000000
-0.258799 -0.480815 0.000000
-0.258799 -0.448252 0.000000
-0.315199 -0.448252 0.000000
-0.371599 -0.448252 0.000000
-0.399799 -0.497096 0.000000
-0.427999 -0.545940 0.000000
-0.399799 -0.594784 0.000000
-0.371599 -0.643628 0.000000
-0.315199 -0.643628 0.000000
-0.258799 -0.643628 0.000000
-0.230599 -0.594784 0.000000
-0.202399 -0.545940 0.000000
-0.230599 -0.497096 0.000000
-0.286999 -0.431971 0.000000
-0.343399 -0.431971 0.000000
-0.399799 -0.464534 0.000000
-0.427999 -0.513377 0.000000
-0.427999 -0.578503 0.000000
-0.399799 -0.627346 0.000000
-0.343399 -0.659909 0.000000
-0.286999 -0.659909 0.000000
-0.230599 -0.627346 0.000000
-0.202399 -0.578503 0.000000
-0.202399 -0.513377 0.000000
-0.230599 -0.464534 0.000000
-0.258799 -0.415690 0.000000
-0.315199 -0.415690 0.000000
-0.371599 -0.415690 0.000000
-0.399799 -0.431971 0.000000
-0.427999 -0.480815 0.000000
-0.456199 -0.529659 0.000000
-0.456199 -0.562221 0.000000
-0.427999 -0.611065 0.000000
-0.399799 -0.659909 0.000000
-0.371599 -0.676190 0.000000
-0.315199 -0.676190 0.000000
-0.258799 -0.676190 0.000000
-0.230599 -0.659909 0.000000
-0.202399 -0.611065 0.000000
-0.174199 -0.562221 0.000000
-0.174199 -0.529659 0.000000
-0.202399 -0.480815 0.000000
-0.230599 -0.431971 0.000000
-0.230599 -0.399409 0.000000
-0.286999 -0.399409 0.000000
-0.343399 -0.399409 0.000000
-0.399799 -0.399409 0.000000
-0.427999 -0.448252 0.000000
-0.456199 -0.497096 0.000000
-0.484399 -0.545940 0.000000
-0.456199 -0.594784 0.000000
-0.427999 -0.643628 0.000000
-0.399799 -0.692471 0.000000
-0.343399 -0.692471 0.000000
-0.286999 -0.692471 0.000000
-0.230599 -0.692471 0.000000
-0.202399 -0.643628 0.000000
-0.174199 -0.594784 0.000000
-0.145999 -0.545940 0.000000
-0.174199 -0.497096 0.000000
-0.202399 -0.448252 0.000000
-0.258799 -0.383127 0.000000
-0.315199 -0.383127 0.000000
-0.371599 -0.383127 0.000000
-0.427999 -0.415690 0.000000
-0.456199 -0.464534 0.000000
-0.484399 -0.513377 0.000000
-0.484399 -0.578503 0.000000
-0.456199 -0.627346 0.000000
-0.427999 -0.676190 0.000000
-0.371599 -0.708753 0.000000
-0.315199 -0.708753 0.000000
-0.258799 -0.708753 0.000000
-0.202399 -0.676190 0.000000
-0.174199 -0.627346 0.000000
-0.145999 -0.578503 0.000000
-0.145999 -0.513377 0.000000
-0.174199 -0.464534 0.000000
-0.202399 -0.415690 0.000000
0.315199 -0.513377 0.000000
0.286999 -0.529659 0.000000
0.286999 -0.562221 0.000000
0.315199 -0.578503 0.000000
0.343399 -0.562221 0.000000
0.343399 -0.529659 0.000000
0.343399 -0.497096 0.000000
0.286999 -0.497096 0.000000
0.258799 -0.545940 0.000000
0.286999 -0.594784 0.000000
0.343399 -0.594784 0.000000
0.371599 -0.545940 0.000000
0.315199 -0.480815 0.000000
0.258799 -0.513377 0.000000
0.258799 -0.578503 0.000000
0.315199 -0.611065 0.000000
0.371599 -0.578503 0.000000
0.371599 -0.513377 0.000000
0.343399 -0.464534 0.000000
0.286999 -0.464534 0.000000
0.258799 -0.480815 0.000000
0.230599 -0.529659 0.000000
0.230599 -0.562221 0.000000
0.258799 -0.611065 0.000000
0.286999 -0.627346 0.000000
0.343399 -0.627346 0.000000
0.371599 -0.611065 0.000000
0.399799 -0.562221 0.000000
0.399799 -0.529659 0.000000
0.371599 -0.480815 0.000000
0.371599 -0.448252 0.000000
0.315199 -0.448252 0.000000
0.258799 -0.448252 0.000000
0.230599 -0.497096 0.000000
0.202399 -0.545940 0.000000
0.230599 -0.594784 0.000000
0.258799 -0.643628 0.000000
0.315199 -0.643628 0.000000
0.371599 -0.643628 0.000000
0.399799 -0.594784 0.000000
0.427999 -0.545940 0.000000
0.399799 -0.497096 0.000000
0.343399 -0.431971 0.000000
0.286999 -0.431971 0.000000
0.230599 -0.464534 0.000000
0.202399 -0.513377 0.000000
0.202399 -0.578503 0.000000
0.230599 -0.627346 0.000000
0.286999 -0.659909 0.000000
0.343399 -0.659909 0.000000
0.399799 -0.627346 0.000000
0.427999 -0.578503 0.000000
0.427999 -0.513377 0.000000
0.399799 -0.464534 0.000000
0.371599 -0.415690 0.000000
0.315199 -0.415690 0.000000
0.258799 -0.415690 0.000000
0.230599 -0.431971 0.000000
0.202399 -0.480815 0.000000
0.174199 -0.529659 0.000000
0.174199 -0.562221 0.000000
0.202399 -0.611065 0.000000
0.230599 -0.659909 0.000000
0.258799 -0.676190 0.000000
0.315199 -0.676190 0.000000
0.371599 -0.676190 0.000000
0.399799 -0.659909 0.000000
0.427999 -0.611065 0.000000
0.456199 -0.562221 0.000000
0.456199 -0.529659 0.000000
0.427999 -0.480815 0.000000
0.399799 -0.431971 0.000000
0.399799 -0.399409 0.000000
0.343399 -0.399409 0.000000
0.286999 -0.399409 0.000000
0.230599 -0.399409 0.000000
0.202399 -0.448252 0.000000
0.174199 -0.497096 0.000000
0.145999 -0.545940 0.000000
0.174199 -0.594784 0.000000
0.202399 -0.643628 0.000000
0.230599 -0.692471 0.000000
0.286999 -0.692471 0.000000
0.343399 -0.692471 0.000000
0.399799 -0.692471 0.000000
0.427999 -0.643628 0.000000
0.456199 -0.594784 0.000000
0.484399 -0.545940 0.000000
0.456199 -0.497096 0.000000
0.427999 -0.448252 0.000000
0.371599 -0.383127 0.000000
0.315199 -0.383127 0.000000
0.258799 -0.383127 0.000000
0.202399 -0.415690 0.000000
0.174199 -0.464534 0.000000
0.145999 -0.513377 0.000000
0.145999 -0.578503 0.000000
0.174199 -0.627346 0.000000
0.202399 -0.676190 0.000000
0.258799 -0.708753 0.000000
0.315199 -0.708753 0.000000
0.371599 -0.708753 0.000000
0.427999 -0.676190 0.000000
0.456199 -0.627346 0.000000
0.484399 -0.578503 0.000000
0.484399 -0.513377 0.000000
0.456199 -0.464534 0.000000
0.427999 -0.415690 0.000000
0.630397 0.032563 0.000000
0.602197 0.016281 0.000000
0.602197 -0.016281 0.000000
0.630397 -0.032563 0.000000
0.658597 -0.016281 0.000000
0.658597 0.016281 0.000000
0.658597 0.048844 0.000000
0.602197 0.048844 0.000000
0.573997 0.000000 0.000000
0.602197 -0.048844 0.000000
0.658597 -0.048844 0.000000
0.686797 0.000000 0.000000
0.630397 0.065125 0.000000
0.573997 0.032563 0.000000
0.573997 -0.032563 0.000000
0.630397 -0.065125 0.000000
0.686797 -0.032563 0.000000
0.686797 0.032563 0.000000
0.658597 0.081406 0.000000
0.602197 0.081406 0.000000
0.573997 0.065125 0.000000
0.545797 0.016281 0.000000
0.545797 -0.016281 0.000000
0.573997 -0.065125 0.000000
0.602197 -0.081406 0.000000
0.658597 -0.081406 0.000000
0.686797 -0.065125 0.000000
0.714997 -0.016281 0.000000
0.714997 0.016281 0.000000
0.686797 0.065125 0.000000
0.686797 0.097688 0.000000
0.630397 0.097688 0.000000
0.573997 0.097688 0.000000
0.545797 0.048844 0.000000
0.517597 0.000000 0.000000
0.545797 -0.048844 0.000000
0.573997 -0.097688 0.000000
0.630397 -0.097688 0.000000
0.686797 -0.097688 0.000000
0.714997 -0.048844 0.000000
0.743197 0.000000 0.000000
0.714997 0.048844 0.000000
0.658597 0.113969 0.000000
0.602197 0.113969 0.000000
0.545797 0.081406 0.000000
0.517597 0.032563 0.000000
0.517597 -0.032563 0.000000
0.545797 -0.081406 0.000000
0.602197 -0.113969 0.000000
0.658597 -0.113969 0.000000
0.714997 -0.081406 0.000000
0.743197 -0.032563 0.000000
0.743197 0.032563 0.000000
0.714997 0.081406 0.000000
0.686797 0.130250 0.000000
0.630397 0.130250 0.000000
0.573997 0.130250 0.000000
0.545797 0.113969 0.000000
0.517597 0.065125 0.000000
0.489397 0.016281 0.000000
0.489397 -0.016281 0.000000
0.517597 -0.065125 0.000000
0.545797 -0.113969 0.000000
0.573997 -0.130250 0.000000
0.630397 -0.130250 0.000000
0.686797 -0.130250 0.000000
0.714997 -0.113969 0.000000
0.743197 -0.065125 0.000000
0.771397 -0.016281 0.000000
0.771397 0.016281 0.000000
0.743197 0.065125 0.000000
0.714997 0.113969 0.000000
0.714997 0.146531 0.000000
0.658597 0.146531 0.000000
0.602197 0.146531 0.000000
0.545797 0.146531 0.000000
0.517597 0.097688 0.000000
0.489397 0.048844 0.000000
0.461197 0.000000 0.000000
0.489397 -0.048844 0.000000
0.517597 -0.097688 0.000000
0.545797 -0.146531 0.000000
0.602197 -0.146531 0.000000
0.658597 -0.146531 0.000000
0.714997 -0.146531 0.000000
0.743197 -0.097688 0.000000
0.771397 -0.048844 0.000000
0.799597 0.000000 0.000000
0.771397 0.048844 0.000000
0.743197 0.097688 0.000000
0.686797 0.162813 0.000000
0.630397 0.162813 0.000000
0.573997 0.162813 0.000000
0.517597 0.130250 0.000000
0.489397 0.081406 0.000000
0.461197 0.032563 0.000000
0.461197 -0.032563 0.000000
0.489397 -0.081406 0.000000
0.517597 -0.130250 0.000000
0.573997 -0.162813 0.000000
0.630397 -0.162813 0.000000
0.686797 -0.162813 0.000000
0.743197 -0.130250 0.000000
0.771397 -0.081406 0.000000
0.799597 -0.032563 0.000000
0.799597 0.032563 0.000000
0.771397 0.081406 0.000000
0.743197 0.130250 0.000000
